0 0 0
0.05 0 0
0 0.05 0
0.05 0.05 0.0245221


0.05 0 0
0.1 0 0.0245221
0.05 0.05 0
0.1 0.05 0.0484404


0.1 0 0
0.15 0 0.0484404
0.1 0.05 0
0.15 0.05 0.0711659


0.15 0 0
0.2 0 0.0711659
0.15 0.05 0
0.2 0.05 0.0921391


0.2 0 0
0.25 0 0.0921391
0.2 0.05 0
0.25 0.05 0.110844


0.25 0 0
0.3 0 0.110844
0.25 0.05 0
0.3 0.05 0.126819


0.3 0 0
0.35 0 0.126819
0.3 0.05 0
0.35 0.05 0.139671


0.35 0 0
0.4 0 0.139671
0.35 0.05 0
0.4 0.05 0.149084


0.4 0 0
0.45 0 0.149084
0.4 0.05 0
0.45 0.05 0.154826


0.45 0 0
0.5 0 0.154826
0.45 0.05 0
0.5 0.05 0.156756


0.5 0 0
0.55 0 0.156756
0.5 0.05 0
0.55 0.05 0.154826


0.55 0 0
0.6 0 0.154826
0.55 0.05 0
0.6 0.05 0.149084


0.6 0 0
0.65 0 0.149084
0.6 0.05 0
0.65 0.05 0.139671


0.65 0 0
0.7 0 0.139671
0.65 0.05 0
0.7 0.05 0.126819


0.7 0 0
0.75 0 0.126819
0.7 0.05 0
0.75 0.05 0.110844


0.75 0 0
0.8 0 0.110844
0.75 0.05 0
0.8 0.05 0.0921391


0.8 0 0
0.85 0 0.0921391
0.8 0.05 0
0.85 0.05 0.0711659


0.85 0 0
0.9 0 0.0711659
0.85 0.05 0
0.9 0.05 0.0484404


0.9 0 0
0.95 0 0.0484404
0.9 0.05 0
0.95 0.05 0.0245221


0.95 0 0
1 0 0.0245221
0.95 0.05 0
1 0.05 0


0 0.05 0
0.05 0.05 0
0 0.1 0.0245221
0.05 0.1 0.0484404


0.05 0.05 0.0245221
0.1 0.05 0.0484404
0.05 0.1 0.0484404
0.1 0.1 0.095688


0.1 0.05 0.0484404
0.15 0.05 0.095688
0.1 0.1 0.0711659
0.15 0.1 0.140579


0.15 0.05 0.0711659
0.2 0.05 0.140579
0.15 0.1 0.0921391
0.2 0.1 0.182009


0.2 0.05 0.0921391
0.25 0.05 0.182009
0.2 0.1 0.110844
0.25 0.1 0.218958


0.25 0.05 0.110844
0.3 0.05 0.218958
0.25 0.1 0.126819
0.3 0.1 0.250514


0.3 0.05 0.126819
0.35 0.05 0.250514
0.3 0.1 0.139671
0.35 0.1 0.275903


0.35 0.05 0.139671
0.4 0.05 0.275903
0.35 0.1 0.149084
0.4 0.1 0.294497


0.4 0.05 0.149084
0.45 0.05 0.294497
0.4 0.1 0.154826
0.45 0.1 0.305841


0.45 0.05 0.154826
0.5 0.05 0.305841
0.45 0.1 0.156756
0.5 0.1 0.309653


0.5 0.05 0.156756
0.55 0.05 0.309653
0.5 0.1 0.154826
0.55 0.1 0.305841


0.55 0.05 0.154826
0.6 0.05 0.305841
0.55 0.1 0.149084
0.6 0.1 0.294497


0.6 0.05 0.149084
0.65 0.05 0.294497
0.6 0.1 0.139671
0.65 0.1 0.275903


0.65 0.05 0.139671
0.7 0.05 0.275903
0.65 0.1 0.126819
0.7 0.1 0.250514


0.7 0.05 0.126819
0.75 0.05 0.250514
0.7 0.1 0.110844
0.75 0.1 0.218958


0.75 0.05 0.110844
0.8 0.05 0.218958
0.75 0.1 0.0921391
0.8 0.1 0.182009


0.8 0.05 0.0921391
0.85 0.05 0.182009
0.8 0.1 0.0711659
0.85 0.1 0.140579


0.85 0.05 0.0711659
0.9 0.05 0.140579
0.85 0.1 0.0484404
0.9 0.1 0.095688


0.9 0.05 0.0484404
0.95 0.05 0.095688
0.9 0.1 0.0245221
0.95 0.1 0.0484404


0.95 0.05 0.0245221
1 0.05 0.0484404
0.95 0.1 0
1 0.1 0


0 0.1 0
0.05 0.1 0
0 0.15 0.0484404
0.05 0.15 0.0711659


0.05 0.1 0.0484404
0.1 0.1 0.0711659
0.05 0.15 0.095688
0.1 0.15 0.140579


0.1 0.1 0.095688
0.15 0.1 0.140579
0.1 0.15 0.140579
0.15 0.15 0.206532


0.15 0.1 0.140579
0.2 0.1 0.206532
0.15 0.15 0.182009
0.2 0.15 0.267398


0.2 0.1 0.182009
0.25 0.1 0.267398
0.2 0.15 0.218958
0.25 0.15 0.32168


0.25 0.1 0.218958
0.3 0.1 0.32168
0.25 0.15 0.250514
0.3 0.15 0.368042


0.3 0.1 0.250514
0.35 0.1 0.368042
0.3 0.15 0.275903
0.35 0.15 0.405341


0.35 0.1 0.275903
0.4 0.1 0.405341
0.35 0.15 0.294497
0.4 0.15 0.432659


0.4 0.1 0.294497
0.45 0.1 0.432659
0.4 0.15 0.305841
0.45 0.15 0.449324


0.45 0.1 0.305841
0.5 0.1 0.449324
0.45 0.15 0.309653
0.5 0.15 0.454925


0.5 0.1 0.309653
0.55 0.1 0.454925
0.5 0.15 0.305841
0.55 0.15 0.449324


0.55 0.1 0.305841
0.6 0.1 0.449324
0.55 0.15 0.294497
0.6 0.15 0.432659


0.6 0.1 0.294497
0.65 0.1 0.432659
0.6 0.15 0.275903
0.65 0.15 0.405341


0.65 0.1 0.275903
0.7 0.1 0.405341
0.65 0.15 0.250514
0.7 0.15 0.368042


0.7 0.1 0.250514
0.75 0.1 0.368042
0.7 0.15 0.218958
0.75 0.15 0.32168


0.75 0.1 0.218958
0.8 0.1 0.32168
0.75 0.15 0.182009
0.8 0.15 0.267398


0.8 0.1 0.182009
0.85 0.1 0.267398
0.8 0.15 0.140579
0.85 0.15 0.206532


0.85 0.1 0.140579
0.9 0.1 0.206532
0.85 0.15 0.095688
0.9 0.15 0.140579


0.9 0.1 0.095688
0.95 0.1 0.140579
0.9 0.15 0.0484404
0.95 0.15 0.0711659


0.95 0.1 0.0484404
1 0.1 0.0711659
0.95 0.15 0
1 0.15 0


0 0.15 0
0.05 0.15 0
0 0.2 0.0711659
0.05 0.2 0.0921391


0.05 0.15 0.0711659
0.1 0.15 0.0921391
0.05 0.2 0.140579
0.1 0.2 0.182009


0.1 0.15 0.140579
0.15 0.15 0.182009
0.1 0.2 0.206532
0.15 0.2 0.267398


0.15 0.15 0.206532
0.2 0.15 0.267398
0.15 0.2 0.267398
0.2 0.2 0.346202


0.2 0.15 0.267398
0.25 0.15 0.346202
0.2 0.2 0.32168
0.25 0.2 0.416482


0.25 0.15 0.32168
0.3 0.15 0.416482
0.25 0.2 0.368042
0.3 0.2 0.476507


0.3 0.15 0.368042
0.35 0.15 0.476507
0.3 0.2 0.405341
0.35 0.2 0.524798


0.35 0.15 0.405341
0.4 0.15 0.524798
0.35 0.2 0.432659
0.4 0.2 0.560167


0.4 0.15 0.432659
0.45 0.15 0.560167
0.4 0.2 0.449324
0.45 0.2 0.581743


0.45 0.15 0.449324
0.5 0.15 0.581743
0.45 0.2 0.454925
0.5 0.2 0.588995


0.5 0.15 0.454925
0.55 0.15 0.588995
0.5 0.2 0.449324
0.55 0.2 0.581743


0.55 0.15 0.449324
0.6 0.15 0.581743
0.55 0.2 0.432659
0.6 0.2 0.560167


0.6 0.15 0.432659
0.65 0.15 0.560167
0.6 0.2 0.405341
0.65 0.2 0.524798


0.65 0.15 0.405341
0.7 0.15 0.524798
0.65 0.2 0.368042
0.7 0.2 0.476507


0.7 0.15 0.368042
0.75 0.15 0.476507
0.7 0.2 0.32168
0.75 0.2 0.416482


0.75 0.15 0.32168
0.8 0.15 0.416482
0.75 0.2 0.267398
0.8 0.2 0.346202


0.8 0.15 0.267398
0.85 0.15 0.346202
0.8 0.2 0.206532
0.85 0.2 0.267398


0.85 0.15 0.206532
0.9 0.15 0.267398
0.85 0.2 0.140579
0.9 0.2 0.182009


0.9 0.15 0.140579
0.95 0.15 0.182009
0.9 0.2 0.0711659
0.95 0.2 0.0921391


0.95 0.15 0.0711659
1 0.15 0.0921391
0.95 0.2 0
1 0.2 0


0 0.2 0
0.05 0.2 0
0 0.25 0.0921391
0.05 0.25 0.110844


0.05 0.2 0.0921391
0.1 0.2 0.110844
0.05 0.25 0.182009
0.1 0.25 0.218958


0.1 0.2 0.182009
0.15 0.2 0.218958
0.1 0.25 0.267398
0.15 0.25 0.32168


0.15 0.2 0.267398
0.2 0.2 0.32168
0.15 0.25 0.346202
0.2 0.25 0.416482


0.2 0.2 0.346202
0.25 0.2 0.416482
0.2 0.25 0.416482
0.25 0.25 0.501029


0.25 0.2 0.416482
0.3 0.2 0.501029
0.25 0.25 0.476507
0.3 0.25 0.573239


0.3 0.2 0.476507
0.35 0.2 0.573239
0.3 0.25 0.524798
0.35 0.25 0.631333


0.35 0.2 0.524798
0.4 0.2 0.631333
0.35 0.25 0.560167
0.4 0.25 0.673882


0.4 0.2 0.560167
0.45 0.2 0.673882
0.4 0.25 0.581743
0.45 0.25 0.699838


0.45 0.2 0.581743
0.5 0.2 0.699838
0.45 0.25 0.588995
0.5 0.25 0.708562


0.5 0.2 0.588995
0.55 0.2 0.708562
0.5 0.25 0.581743
0.55 0.25 0.699838


0.55 0.2 0.581743
0.6 0.2 0.699838
0.55 0.25 0.560167
0.6 0.25 0.673882


0.6 0.2 0.560167
0.65 0.2 0.673882
0.6 0.25 0.524798
0.65 0.25 0.631333


0.65 0.2 0.524798
0.7 0.2 0.631333
0.65 0.25 0.476507
0.7 0.25 0.573239


0.7 0.2 0.476507
0.75 0.2 0.573239
0.7 0.25 0.416482
0.75 0.25 0.501029


0.75 0.2 0.416482
0.8 0.2 0.501029
0.75 0.25 0.346202
0.8 0.25 0.416482


0.8 0.2 0.346202
0.85 0.2 0.416482
0.8 0.25 0.267398
0.85 0.25 0.32168


0.85 0.2 0.267398
0.9 0.2 0.32168
0.85 0.25 0.182009
0.9 0.25 0.218958


0.9 0.2 0.182009
0.95 0.2 0.218958
0.9 0.25 0.0921391
0.95 0.25 0.110844


0.95 0.2 0.0921391
1 0.2 0.110844
0.95 0.25 0
1 0.25 0


0 0.25 0
0.05 0.25 0
0 0.3 0.110844
0.05 0.3 0.126819


0.05 0.25 0.110844
0.1 0.25 0.126819
0.05 0.3 0.218958
0.1 0.3 0.250514


0.1 0.25 0.218958
0.15 0.25 0.250514
0.1 0.3 0.32168
0.15 0.3 0.368042


0.15 0.25 0.32168
0.2 0.25 0.368042
0.15 0.3 0.416482
0.2 0.3 0.476507


0.2 0.25 0.416482
0.25 0.25 0.476507
0.2 0.3 0.501029
0.25 0.3 0.573239


0.25 0.25 0.501029
0.3 0.25 0.573239
0.25 0.3 0.573239
0.3 0.3 0.655855


0.3 0.25 0.573239
0.35 0.25 0.655855
0.3 0.3 0.631333
0.35 0.3 0.722323


0.35 0.25 0.631333
0.4 0.25 0.722323
0.35 0.3 0.673882
0.4 0.3 0.771004


0.4 0.25 0.673882
0.45 0.25 0.771004
0.4 0.3 0.699838
0.45 0.3 0.800701


0.45 0.25 0.699838
0.5 0.25 0.800701
0.45 0.3 0.708562
0.5 0.3 0.810682


0.5 0.25 0.708562
0.55 0.25 0.810682
0.5 0.3 0.699838
0.55 0.3 0.800701


0.55 0.25 0.699838
0.6 0.25 0.800701
0.55 0.3 0.673882
0.6 0.3 0.771004


0.6 0.25 0.673882
0.65 0.25 0.771004
0.6 0.3 0.631333
0.65 0.3 0.722323


0.65 0.25 0.631333
0.7 0.25 0.722323
0.65 0.3 0.573239
0.7 0.3 0.655855


0.7 0.25 0.573239
0.75 0.25 0.655855
0.7 0.3 0.501029
0.75 0.3 0.573239


0.75 0.25 0.501029
0.8 0.25 0.573239
0.75 0.3 0.416482
0.8 0.3 0.476507


0.8 0.25 0.416482
0.85 0.25 0.476507
0.8 0.3 0.32168
0.85 0.3 0.368042


0.85 0.25 0.32168
0.9 0.25 0.368042
0.85 0.3 0.218958
0.9 0.3 0.250514


0.9 0.25 0.218958
0.95 0.25 0.250514
0.9 0.3 0.110844
0.95 0.3 0.126819


0.95 0.25 0.110844
1 0.25 0.126819
0.95 0.3 0
1 0.3 0


0 0.3 0
0.05 0.3 0
0 0.35 0.126819
0.05 0.35 0.139671


0.05 0.3 0.126819
0.1 0.3 0.139671
0.05 0.35 0.250514
0.1 0.35 0.275903


0.1 0.3 0.250514
0.15 0.3 0.275903
0.1 0.35 0.368042
0.15 0.35 0.405341


0.15 0.3 0.368042
0.2 0.3 0.405341
0.15 0.35 0.476507
0.2 0.35 0.524798


0.2 0.3 0.476507
0.25 0.3 0.524798
0.2 0.35 0.573239
0.25 0.35 0.631333


0.25 0.3 0.573239
0.3 0.3 0.631333
0.25 0.35 0.655855
0.3 0.35 0.722323


0.3 0.3 0.655855
0.35 0.3 0.722323
0.3 0.35 0.722323
0.35 0.35 0.795526


0.35 0.3 0.722323
0.4 0.3 0.795526
0.35 0.35 0.771004
0.4 0.35 0.849141


0.4 0.3 0.771004
0.45 0.3 0.849141
0.4 0.35 0.800701
0.45 0.35 0.881848


0.45 0.3 0.800701
0.5 0.3 0.881848
0.45 0.35 0.810682
0.5 0.35 0.89284


0.5 0.3 0.810682
0.55 0.3 0.89284
0.5 0.35 0.800701
0.55 0.35 0.881848


0.55 0.3 0.800701
0.6 0.3 0.881848
0.55 0.35 0.771004
0.6 0.35 0.849141


0.6 0.3 0.771004
0.65 0.3 0.849141
0.6 0.35 0.722323
0.65 0.35 0.795526


0.65 0.3 0.722323
0.7 0.3 0.795526
0.65 0.35 0.655855
0.7 0.35 0.722323


0.7 0.3 0.655855
0.75 0.3 0.722323
0.7 0.35 0.573239
0.75 0.35 0.631333


0.75 0.3 0.573239
0.8 0.3 0.631333
0.75 0.35 0.476507
0.8 0.35 0.524798


0.8 0.3 0.476507
0.85 0.3 0.524798
0.8 0.35 0.368042
0.85 0.35 0.405341


0.85 0.3 0.368042
0.9 0.3 0.405341
0.85 0.35 0.250514
0.9 0.35 0.275903


0.9 0.3 0.250514
0.95 0.3 0.275903
0.9 0.35 0.126819
0.95 0.35 0.139671


0.95 0.3 0.126819
1 0.3 0.139671
0.95 0.35 0
1 0.35 0


0 0.35 0
0.05 0.35 0
0 0.4 0.139671
0.05 0.4 0.149084


0.05 0.35 0.139671
0.1 0.35 0.149084
0.05 0.4 0.275903
0.1 0.4 0.294497


0.1 0.35 0.275903
0.15 0.35 0.294497
0.1 0.4 0.405341
0.15 0.4 0.432659


0.15 0.35 0.405341
0.2 0.35 0.432659
0.15 0.4 0.524798
0.2 0.4 0.560167


0.2 0.35 0.524798
0.25 0.35 0.560167
0.2 0.4 0.631333
0.25 0.4 0.673882


0.25 0.35 0.631333
0.3 0.35 0.673882
0.25 0.4 0.722323
0.3 0.4 0.771004


0.3 0.35 0.722323
0.35 0.35 0.771004
0.3 0.4 0.795526
0.35 0.4 0.849141


0.35 0.35 0.795526
0.4 0.35 0.849141
0.35 0.4 0.849141
0.4 0.4 0.90637


0.4 0.35 0.849141
0.45 0.35 0.90637
0.4 0.4 0.881848
0.45 0.4 0.94128


0.45 0.35 0.881848
0.5 0.35 0.94128
0.45 0.4 0.89284
0.5 0.4 0.953014


0.5 0.35 0.89284
0.55 0.35 0.953014
0.5 0.4 0.881848
0.55 0.4 0.94128


0.55 0.35 0.881848
0.6 0.35 0.94128
0.55 0.4 0.849141
0.6 0.4 0.90637


0.6 0.35 0.849141
0.65 0.35 0.90637
0.6 0.4 0.795526
0.65 0.4 0.849141


0.65 0.35 0.795526
0.7 0.35 0.849141
0.65 0.4 0.722323
0.7 0.4 0.771004


0.7 0.35 0.722323
0.75 0.35 0.771004
0.7 0.4 0.631333
0.75 0.4 0.673882


0.75 0.35 0.631333
0.8 0.35 0.673882
0.75 0.4 0.524798
0.8 0.4 0.560167


0.8 0.35 0.524798
0.85 0.35 0.560167
0.8 0.4 0.405341
0.85 0.4 0.432659


0.85 0.35 0.405341
0.9 0.35 0.432659
0.85 0.4 0.275903
0.9 0.4 0.294497


0.9 0.35 0.275903
0.95 0.35 0.294497
0.9 0.4 0.139671
0.95 0.4 0.149084


0.95 0.35 0.139671
1 0.35 0.149084
0.95 0.4 0
1 0.4 0


0 0.4 0
0.05 0.4 0
0 0.45 0.149084
0.05 0.45 0.154826


0.05 0.4 0.149084
0.1 0.4 0.154826
0.05 0.45 0.294497
0.1 0.45 0.305841


0.1 0.4 0.294497
0.15 0.4 0.305841
0.1 0.45 0.432659
0.15 0.45 0.449324


0.15 0.4 0.432659
0.2 0.4 0.449324
0.15 0.45 0.560167
0.2 0.45 0.581743


0.2 0.4 0.560167
0.25 0.4 0.581743
0.2 0.45 0.673882
0.25 0.45 0.699838


0.25 0.4 0.673882
0.3 0.4 0.699838
0.25 0.45 0.771004
0.3 0.45 0.800701


0.3 0.4 0.771004
0.35 0.4 0.800701
0.3 0.45 0.849141
0.35 0.45 0.881848


0.35 0.4 0.849141
0.4 0.4 0.881848
0.35 0.45 0.90637
0.4 0.45 0.94128


0.4 0.4 0.90637
0.45 0.4 0.94128
0.4 0.45 0.94128
0.45 0.45 0.977536


0.45 0.4 0.94128
0.5 0.4 0.977536
0.45 0.45 0.953014
0.5 0.45 0.989721


0.5 0.4 0.953014
0.55 0.4 0.989721
0.5 0.45 0.94128
0.55 0.45 0.977536


0.55 0.4 0.94128
0.6 0.4 0.977536
0.55 0.45 0.90637
0.6 0.45 0.94128


0.6 0.4 0.90637
0.65 0.4 0.94128
0.6 0.45 0.849141
0.65 0.45 0.881848


0.65 0.4 0.849141
0.7 0.4 0.881848
0.65 0.45 0.771004
0.7 0.45 0.800701


0.7 0.4 0.771004
0.75 0.4 0.800701
0.7 0.45 0.673882
0.75 0.45 0.699838


0.75 0.4 0.673882
0.8 0.4 0.699838
0.75 0.45 0.560167
0.8 0.45 0.581743


0.8 0.4 0.560167
0.85 0.4 0.581743
0.8 0.45 0.432659
0.85 0.45 0.449324


0.85 0.4 0.432659
0.9 0.4 0.449324
0.85 0.45 0.294497
0.9 0.45 0.305841


0.9 0.4 0.294497
0.95 0.4 0.305841
0.9 0.45 0.149084
0.95 0.45 0.154826


0.95 0.4 0.149084
1 0.4 0.154826
0.95 0.45 0
1 0.45 0


0 0.45 0
0.05 0.45 0
0 0.5 0.154826
0.05 0.5 0.156756


0.05 0.45 0.154826
0.1 0.45 0.156756
0.05 0.5 0.305841
0.1 0.5 0.309653


0.1 0.45 0.305841
0.15 0.45 0.309653
0.1 0.5 0.449324
0.15 0.5 0.454925


0.15 0.45 0.449324
0.2 0.45 0.454925
0.15 0.5 0.581743
0.2 0.5 0.588995


0.2 0.45 0.581743
0.25 0.45 0.588995
0.2 0.5 0.699838
0.25 0.5 0.708562


0.25 0.45 0.699838
0.3 0.45 0.708562
0.25 0.5 0.800701
0.3 0.5 0.810682


0.3 0.45 0.800701
0.35 0.45 0.810682
0.3 0.5 0.881848
0.35 0.5 0.89284


0.35 0.45 0.881848
0.4 0.45 0.89284
0.35 0.5 0.94128
0.4 0.5 0.953014


0.4 0.45 0.94128
0.45 0.45 0.953014
0.4 0.5 0.977536
0.45 0.5 0.989721


0.45 0.45 0.977536
0.5 0.45 0.989721
0.45 0.5 0.989721
0.5 0.5 1.00206


0.5 0.45 0.989721
0.55 0.45 1.00206
0.5 0.5 0.977536
0.55 0.5 0.989721


0.55 0.45 0.977536
0.6 0.45 0.989721
0.55 0.5 0.94128
0.6 0.5 0.953014


0.6 0.45 0.94128
0.65 0.45 0.953014
0.6 0.5 0.881848
0.65 0.5 0.89284


0.65 0.45 0.881848
0.7 0.45 0.89284
0.65 0.5 0.800701
0.7 0.5 0.810682


0.7 0.45 0.800701
0.75 0.45 0.810682
0.7 0.5 0.699838
0.75 0.5 0.708562


0.75 0.45 0.699838
0.8 0.45 0.708562
0.75 0.5 0.581743
0.8 0.5 0.588995


0.8 0.45 0.581743
0.85 0.45 0.588995
0.8 0.5 0.449324
0.85 0.5 0.454925


0.85 0.45 0.449324
0.9 0.45 0.454925
0.85 0.5 0.305841
0.9 0.5 0.309653


0.9 0.45 0.305841
0.95 0.45 0.309653
0.9 0.5 0.154826
0.95 0.5 0.156756


0.95 0.45 0.154826
1 0.45 0.156756
0.95 0.5 0
1 0.5 0


0 0.5 0
0.05 0.5 0
0 0.55 0.156756
0.05 0.55 0.154826


0.05 0.5 0.156756
0.1 0.5 0.154826
0.05 0.55 0.309653
0.1 0.55 0.305841


0.1 0.5 0.309653
0.15 0.5 0.305841
0.1 0.55 0.454925
0.15 0.55 0.449324


0.15 0.5 0.454925
0.2 0.5 0.449324
0.15 0.55 0.588995
0.2 0.55 0.581743


0.2 0.5 0.588995
0.25 0.5 0.581743
0.2 0.55 0.708562
0.25 0.55 0.699838


0.25 0.5 0.708562
0.3 0.5 0.699838
0.25 0.55 0.810682
0.3 0.55 0.800701


0.3 0.5 0.810682
0.35 0.5 0.800701
0.3 0.55 0.89284
0.35 0.55 0.881848


0.35 0.5 0.89284
0.4 0.5 0.881848
0.35 0.55 0.953014
0.4 0.55 0.94128


0.4 0.5 0.953014
0.45 0.5 0.94128
0.4 0.55 0.989721
0.45 0.55 0.977536


0.45 0.5 0.989721
0.5 0.5 0.977536
0.45 0.55 1.00206
0.5 0.55 0.989721


0.5 0.5 1.00206
0.55 0.5 0.989721
0.5 0.55 0.989721
0.55 0.55 0.977536


0.55 0.5 0.989721
0.6 0.5 0.977536
0.55 0.55 0.953014
0.6 0.55 0.94128


0.6 0.5 0.953014
0.65 0.5 0.94128
0.6 0.55 0.89284
0.65 0.55 0.881848


0.65 0.5 0.89284
0.7 0.5 0.881848
0.65 0.55 0.810682
0.7 0.55 0.800701


0.7 0.5 0.810682
0.75 0.5 0.800701
0.7 0.55 0.708562
0.75 0.55 0.699838


0.75 0.5 0.708562
0.8 0.5 0.699838
0.75 0.55 0.588995
0.8 0.55 0.581743


0.8 0.5 0.588995
0.85 0.5 0.581743
0.8 0.55 0.454925
0.85 0.55 0.449324


0.85 0.5 0.454925
0.9 0.5 0.449324
0.85 0.55 0.309653
0.9 0.55 0.305841


0.9 0.5 0.309653
0.95 0.5 0.305841
0.9 0.55 0.156756
0.95 0.55 0.154826


0.95 0.5 0.156756
1 0.5 0.154826
0.95 0.55 0
1 0.55 0


0 0.55 0
0.05 0.55 0
0 0.6 0.154826
0.05 0.6 0.149084


0.05 0.55 0.154826
0.1 0.55 0.149084
0.05 0.6 0.305841
0.1 0.6 0.294497


0.1 0.55 0.305841
0.15 0.55 0.294497
0.1 0.6 0.449324
0.15 0.6 0.432659


0.15 0.55 0.449324
0.2 0.55 0.432659
0.15 0.6 0.581743
0.2 0.6 0.560167


0.2 0.55 0.581743
0.25 0.55 0.560167
0.2 0.6 0.699838
0.25 0.6 0.673882


0.25 0.55 0.699838
0.3 0.55 0.673882
0.25 0.6 0.800701
0.3 0.6 0.771004


0.3 0.55 0.800701
0.35 0.55 0.771004
0.3 0.6 0.881848
0.35 0.6 0.849141


0.35 0.55 0.881848
0.4 0.55 0.849141
0.35 0.6 0.94128
0.4 0.6 0.90637


0.4 0.55 0.94128
0.45 0.55 0.90637
0.4 0.6 0.977536
0.45 0.6 0.94128


0.45 0.55 0.977536
0.5 0.55 0.94128
0.45 0.6 0.989721
0.5 0.6 0.953014


0.5 0.55 0.989721
0.55 0.55 0.953014
0.5 0.6 0.977536
0.55 0.6 0.94128


0.55 0.55 0.977536
0.6 0.55 0.94128
0.55 0.6 0.94128
0.6 0.6 0.90637


0.6 0.55 0.94128
0.65 0.55 0.90637
0.6 0.6 0.881848
0.65 0.6 0.849141


0.65 0.55 0.881848
0.7 0.55 0.849141
0.65 0.6 0.800701
0.7 0.6 0.771004


0.7 0.55 0.800701
0.75 0.55 0.771004
0.7 0.6 0.699838
0.75 0.6 0.673882


0.75 0.55 0.699838
0.8 0.55 0.673882
0.75 0.6 0.581743
0.8 0.6 0.560167


0.8 0.55 0.581743
0.85 0.55 0.560167
0.8 0.6 0.449324
0.85 0.6 0.432659


0.85 0.55 0.449324
0.9 0.55 0.432659
0.85 0.6 0.305841
0.9 0.6 0.294497


0.9 0.55 0.305841
0.95 0.55 0.294497
0.9 0.6 0.154826
0.95 0.6 0.149084


0.95 0.55 0.154826
1 0.55 0.149084
0.95 0.6 0
1 0.6 0


0 0.6 0
0.05 0.6 0
0 0.65 0.149084
0.05 0.65 0.139671


0.05 0.6 0.149084
0.1 0.6 0.139671
0.05 0.65 0.294497
0.1 0.65 0.275903


0.1 0.6 0.294497
0.15 0.6 0.275903
0.1 0.65 0.432659
0.15 0.65 0.405341


0.15 0.6 0.432659
0.2 0.6 0.405341
0.15 0.65 0.560167
0.2 0.65 0.524798


0.2 0.6 0.560167
0.25 0.6 0.524798
0.2 0.65 0.673882
0.25 0.65 0.631333


0.25 0.6 0.673882
0.3 0.6 0.631333
0.25 0.65 0.771004
0.3 0.65 0.722323


0.3 0.6 0.771004
0.35 0.6 0.722323
0.3 0.65 0.849141
0.35 0.65 0.795526


0.35 0.6 0.849141
0.4 0.6 0.795526
0.35 0.65 0.90637
0.4 0.65 0.849141


0.4 0.6 0.90637
0.45 0.6 0.849141
0.4 0.65 0.94128
0.45 0.65 0.881848


0.45 0.6 0.94128
0.5 0.6 0.881848
0.45 0.65 0.953014
0.5 0.65 0.89284


0.5 0.6 0.953014
0.55 0.6 0.89284
0.5 0.65 0.94128
0.55 0.65 0.881848


0.55 0.6 0.94128
0.6 0.6 0.881848
0.55 0.65 0.90637
0.6 0.65 0.849141


0.6 0.6 0.90637
0.65 0.6 0.849141
0.6 0.65 0.849141
0.65 0.65 0.795526


0.65 0.6 0.849141
0.7 0.6 0.795526
0.65 0.65 0.771004
0.7 0.65 0.722323


0.7 0.6 0.771004
0.75 0.6 0.722323
0.7 0.65 0.673882
0.75 0.65 0.631333


0.75 0.6 0.673882
0.8 0.6 0.631333
0.75 0.65 0.560167
0.8 0.65 0.524798


0.8 0.6 0.560167
0.85 0.6 0.524798
0.8 0.65 0.432659
0.85 0.65 0.405341


0.85 0.6 0.432659
0.9 0.6 0.405341
0.85 0.65 0.294497
0.9 0.65 0.275903


0.9 0.6 0.294497
0.95 0.6 0.275903
0.9 0.65 0.149084
0.95 0.65 0.139671


0.95 0.6 0.149084
1 0.6 0.139671
0.95 0.65 0
1 0.65 0


0 0.65 0
0.05 0.65 0
0 0.7 0.139671
0.05 0.7 0.126819


0.05 0.65 0.139671
0.1 0.65 0.126819
0.05 0.7 0.275903
0.1 0.7 0.250514


0.1 0.65 0.275903
0.15 0.65 0.250514
0.1 0.7 0.405341
0.15 0.7 0.368042


0.15 0.65 0.405341
0.2 0.65 0.368042
0.15 0.7 0.524798
0.2 0.7 0.476507


0.2 0.65 0.524798
0.25 0.65 0.476507
0.2 0.7 0.631333
0.25 0.7 0.573239


0.25 0.65 0.631333
0.3 0.65 0.573239
0.25 0.7 0.722323
0.3 0.7 0.655855


0.3 0.65 0.722323
0.35 0.65 0.655855
0.3 0.7 0.795526
0.35 0.7 0.722323


0.35 0.65 0.795526
0.4 0.65 0.722323
0.35 0.7 0.849141
0.4 0.7 0.771004


0.4 0.65 0.849141
0.45 0.65 0.771004
0.4 0.7 0.881848
0.45 0.7 0.800701


0.45 0.65 0.881848
0.5 0.65 0.800701
0.45 0.7 0.89284
0.5 0.7 0.810682


0.5 0.65 0.89284
0.55 0.65 0.810682
0.5 0.7 0.881848
0.55 0.7 0.800701


0.55 0.65 0.881848
0.6 0.65 0.800701
0.55 0.7 0.849141
0.6 0.7 0.771004


0.6 0.65 0.849141
0.65 0.65 0.771004
0.6 0.7 0.795526
0.65 0.7 0.722323


0.65 0.65 0.795526
0.7 0.65 0.722323
0.65 0.7 0.722323
0.7 0.7 0.655855


0.7 0.65 0.722323
0.75 0.65 0.655855
0.7 0.7 0.631333
0.75 0.7 0.573239


0.75 0.65 0.631333
0.8 0.65 0.573239
0.75 0.7 0.524798
0.8 0.7 0.476507


0.8 0.65 0.524798
0.85 0.65 0.476507
0.8 0.7 0.405341
0.85 0.7 0.368042


0.85 0.65 0.405341
0.9 0.65 0.368042
0.85 0.7 0.275903
0.9 0.7 0.250514


0.9 0.65 0.275903
0.95 0.65 0.250514
0.9 0.7 0.139671
0.95 0.7 0.126819


0.95 0.65 0.139671
1 0.65 0.126819
0.95 0.7 0
1 0.7 0


0 0.7 0
0.05 0.7 0
0 0.75 0.126819
0.05 0.75 0.110844


0.05 0.7 0.126819
0.1 0.7 0.110844
0.05 0.75 0.250514
0.1 0.75 0.218958


0.1 0.7 0.250514
0.15 0.7 0.218958
0.1 0.75 0.368042
0.15 0.75 0.32168


0.15 0.7 0.368042
0.2 0.7 0.32168
0.15 0.75 0.476507
0.2 0.75 0.416482


0.2 0.7 0.476507
0.25 0.7 0.416482
0.2 0.75 0.573239
0.25 0.75 0.501029


0.25 0.7 0.573239
0.3 0.7 0.501029
0.25 0.75 0.655855
0.3 0.75 0.573239


0.3 0.7 0.655855
0.35 0.7 0.573239
0.3 0.75 0.722323
0.35 0.75 0.631333


0.35 0.7 0.722323
0.4 0.7 0.631333
0.35 0.75 0.771004
0.4 0.75 0.673882


0.4 0.7 0.771004
0.45 0.7 0.673882
0.4 0.75 0.800701
0.45 0.75 0.699838


0.45 0.7 0.800701
0.5 0.7 0.699838
0.45 0.75 0.810682
0.5 0.75 0.708562


0.5 0.7 0.810682
0.55 0.7 0.708562
0.5 0.75 0.800701
0.55 0.75 0.699838


0.55 0.7 0.800701
0.6 0.7 0.699838
0.55 0.75 0.771004
0.6 0.75 0.673882


0.6 0.7 0.771004
0.65 0.7 0.673882
0.6 0.75 0.722323
0.65 0.75 0.631333


0.65 0.7 0.722323
0.7 0.7 0.631333
0.65 0.75 0.655855
0.7 0.75 0.573239


0.7 0.7 0.655855
0.75 0.7 0.573239
0.7 0.75 0.573239
0.75 0.75 0.501029


0.75 0.7 0.573239
0.8 0.7 0.501029
0.75 0.75 0.476507
0.8 0.75 0.416482


0.8 0.7 0.476507
0.85 0.7 0.416482
0.8 0.75 0.368042
0.85 0.75 0.32168


0.85 0.7 0.368042
0.9 0.7 0.32168
0.85 0.75 0.250514
0.9 0.75 0.218958


0.9 0.7 0.250514
0.95 0.7 0.218958
0.9 0.75 0.126819
0.95 0.75 0.110844


0.95 0.7 0.126819
1 0.7 0.110844
0.95 0.75 0
1 0.75 0


0 0.75 0
0.05 0.75 0
0 0.8 0.110844
0.05 0.8 0.0921391


0.05 0.75 0.110844
0.1 0.75 0.0921391
0.05 0.8 0.218958
0.1 0.8 0.182009


0.1 0.75 0.218958
0.15 0.75 0.182009
0.1 0.8 0.32168
0.15 0.8 0.267398


0.15 0.75 0.32168
0.2 0.75 0.267398
0.15 0.8 0.416482
0.2 0.8 0.346202


0.2 0.75 0.416482
0.25 0.75 0.346202
0.2 0.8 0.501029
0.25 0.8 0.416482


0.25 0.75 0.501029
0.3 0.75 0.416482
0.25 0.8 0.573239
0.3 0.8 0.476507


0.3 0.75 0.573239
0.35 0.75 0.476507
0.3 0.8 0.631333
0.35 0.8 0.524798


0.35 0.75 0.631333
0.4 0.75 0.524798
0.35 0.8 0.673882
0.4 0.8 0.560167


0.4 0.75 0.673882
0.45 0.75 0.560167
0.4 0.8 0.699838
0.45 0.8 0.581743


0.45 0.75 0.699838
0.5 0.75 0.581743
0.45 0.8 0.708562
0.5 0.8 0.588995


0.5 0.75 0.708562
0.55 0.75 0.588995
0.5 0.8 0.699838
0.55 0.8 0.581743


0.55 0.75 0.699838
0.6 0.75 0.581743
0.55 0.8 0.673882
0.6 0.8 0.560167


0.6 0.75 0.673882
0.65 0.75 0.560167
0.6 0.8 0.631333
0.65 0.8 0.524798


0.65 0.75 0.631333
0.7 0.75 0.524798
0.65 0.8 0.573239
0.7 0.8 0.476507


0.7 0.75 0.573239
0.75 0.75 0.476507
0.7 0.8 0.501029
0.75 0.8 0.416482


0.75 0.75 0.501029
0.8 0.75 0.416482
0.75 0.8 0.416482
0.8 0.8 0.346202


0.8 0.75 0.416482
0.85 0.75 0.346202
0.8 0.8 0.32168
0.85 0.8 0.267398


0.85 0.75 0.32168
0.9 0.75 0.267398
0.85 0.8 0.218958
0.9 0.8 0.182009


0.9 0.75 0.218958
0.95 0.75 0.182009
0.9 0.8 0.110844
0.95 0.8 0.0921391


0.95 0.75 0.110844
1 0.75 0.0921391
0.95 0.8 0
1 0.8 0


0 0.8 0
0.05 0.8 0
0 0.85 0.0921391
0.05 0.85 0.0711659


0.05 0.8 0.0921391
0.1 0.8 0.0711659
0.05 0.85 0.182009
0.1 0.85 0.140579


0.1 0.8 0.182009
0.15 0.8 0.140579
0.1 0.85 0.267398
0.15 0.85 0.206532


0.15 0.8 0.267398
0.2 0.8 0.206532
0.15 0.85 0.346202
0.2 0.85 0.267398


0.2 0.8 0.346202
0.25 0.8 0.267398
0.2 0.85 0.416482
0.25 0.85 0.32168


0.25 0.8 0.416482
0.3 0.8 0.32168
0.25 0.85 0.476507
0.3 0.85 0.368042


0.3 0.8 0.476507
0.35 0.8 0.368042
0.3 0.85 0.524798
0.35 0.85 0.405341


0.35 0.8 0.524798
0.4 0.8 0.405341
0.35 0.85 0.560167
0.4 0.85 0.432659


0.4 0.8 0.560167
0.45 0.8 0.432659
0.4 0.85 0.581743
0.45 0.85 0.449324


0.45 0.8 0.581743
0.5 0.8 0.449324
0.45 0.85 0.588995
0.5 0.85 0.454925


0.5 0.8 0.588995
0.55 0.8 0.454925
0.5 0.85 0.581743
0.55 0.85 0.449324


0.55 0.8 0.581743
0.6 0.8 0.449324
0.55 0.85 0.560167
0.6 0.85 0.432659


0.6 0.8 0.560167
0.65 0.8 0.432659
0.6 0.85 0.524798
0.65 0.85 0.405341


0.65 0.8 0.524798
0.7 0.8 0.405341
0.65 0.85 0.476507
0.7 0.85 0.368042


0.7 0.8 0.476507
0.75 0.8 0.368042
0.7 0.85 0.416482
0.75 0.85 0.32168


0.75 0.8 0.416482
0.8 0.8 0.32168
0.75 0.85 0.346202
0.8 0.85 0.267398


0.8 0.8 0.346202
0.85 0.8 0.267398
0.8 0.85 0.267398
0.85 0.85 0.206532


0.85 0.8 0.267398
0.9 0.8 0.206532
0.85 0.85 0.182009
0.9 0.85 0.140579


0.9 0.8 0.182009
0.95 0.8 0.140579
0.9 0.85 0.0921391
0.95 0.85 0.0711659


0.95 0.8 0.0921391
1 0.8 0.0711659
0.95 0.85 0
1 0.85 0


0 0.85 0
0.05 0.85 0
0 0.9 0.0711659
0.05 0.9 0.0484404


0.05 0.85 0.0711659
0.1 0.85 0.0484404
0.05 0.9 0.140579
0.1 0.9 0.095688


0.1 0.85 0.140579
0.15 0.85 0.095688
0.1 0.9 0.206532
0.15 0.9 0.140579


0.15 0.85 0.206532
0.2 0.85 0.140579
0.15 0.9 0.267398
0.2 0.9 0.182009


0.2 0.85 0.267398
0.25 0.85 0.182009
0.2 0.9 0.32168
0.25 0.9 0.218958


0.25 0.85 0.32168
0.3 0.85 0.218958
0.25 0.9 0.368042
0.3 0.9 0.250514


0.3 0.85 0.368042
0.35 0.85 0.250514
0.3 0.9 0.405341
0.35 0.9 0.275903


0.35 0.85 0.405341
0.4 0.85 0.275903
0.35 0.9 0.432659
0.4 0.9 0.294497


0.4 0.85 0.432659
0.45 0.85 0.294497
0.4 0.9 0.449324
0.45 0.9 0.305841


0.45 0.85 0.449324
0.5 0.85 0.305841
0.45 0.9 0.454925
0.5 0.9 0.309653


0.5 0.85 0.454925
0.55 0.85 0.309653
0.5 0.9 0.449324
0.55 0.9 0.305841


0.55 0.85 0.449324
0.6 0.85 0.305841
0.55 0.9 0.432659
0.6 0.9 0.294497


0.6 0.85 0.432659
0.65 0.85 0.294497
0.6 0.9 0.405341
0.65 0.9 0.275903


0.65 0.85 0.405341
0.7 0.85 0.275903
0.65 0.9 0.368042
0.7 0.9 0.250514


0.7 0.85 0.368042
0.75 0.85 0.250514
0.7 0.9 0.32168
0.75 0.9 0.218958


0.75 0.85 0.32168
0.8 0.85 0.218958
0.75 0.9 0.267398
0.8 0.9 0.182009


0.8 0.85 0.267398
0.85 0.85 0.182009
0.8 0.9 0.206532
0.85 0.9 0.140579


0.85 0.85 0.206532
0.9 0.85 0.140579
0.85 0.9 0.140579
0.9 0.9 0.095688


0.9 0.85 0.140579
0.95 0.85 0.095688
0.9 0.9 0.0711659
0.95 0.9 0.0484404


0.95 0.85 0.0711659
1 0.85 0.0484404
0.95 0.9 0
1 0.9 0


0 0.9 0
0.05 0.9 0
0 0.95 0.0484404
0.05 0.95 0.0245221


0.05 0.9 0.0484404
0.1 0.9 0.0245221
0.05 0.95 0.095688
0.1 0.95 0.0484404


0.1 0.9 0.095688
0.15 0.9 0.0484404
0.1 0.95 0.140579
0.15 0.95 0.0711659


0.15 0.9 0.140579
0.2 0.9 0.0711659
0.15 0.95 0.182009
0.2 0.95 0.0921391


0.2 0.9 0.182009
0.25 0.9 0.0921391
0.2 0.95 0.218958
0.25 0.95 0.110844


0.25 0.9 0.218958
0.3 0.9 0.110844
0.25 0.95 0.250514
0.3 0.95 0.126819


0.3 0.9 0.250514
0.35 0.9 0.126819
0.3 0.95 0.275903
0.35 0.95 0.139671


0.35 0.9 0.275903
0.4 0.9 0.139671
0.35 0.95 0.294497
0.4 0.95 0.149084


0.4 0.9 0.294497
0.45 0.9 0.149084
0.4 0.95 0.305841
0.45 0.95 0.154826


0.45 0.9 0.305841
0.5 0.9 0.154826
0.45 0.95 0.309653
0.5 0.95 0.156756


0.5 0.9 0.309653
0.55 0.9 0.156756
0.5 0.95 0.305841
0.55 0.95 0.154826


0.55 0.9 0.305841
0.6 0.9 0.154826
0.55 0.95 0.294497
0.6 0.95 0.149084


0.6 0.9 0.294497
0.65 0.9 0.149084
0.6 0.95 0.275903
0.65 0.95 0.139671


0.65 0.9 0.275903
0.7 0.9 0.139671
0.65 0.95 0.250514
0.7 0.95 0.126819


0.7 0.9 0.250514
0.75 0.9 0.126819
0.7 0.95 0.218958
0.75 0.95 0.110844


0.75 0.9 0.218958
0.8 0.9 0.110844
0.75 0.95 0.182009
0.8 0.95 0.0921391


0.8 0.9 0.182009
0.85 0.9 0.0921391
0.8 0.95 0.140579
0.85 0.95 0.0711659


0.85 0.9 0.140579
0.9 0.9 0.0711659
0.85 0.95 0.095688
0.9 0.95 0.0484404


0.9 0.9 0.095688
0.95 0.9 0.0484404
0.9 0.95 0.0484404
0.95 0.95 0.0245221


0.95 0.9 0.0484404
1 0.9 0.0245221
0.95 0.95 0
1 0.95 0


0 0.95 0
0.05 0.95 0
0 1 0.0245221
0.05 1 0


0.05 0.95 0.0245221
0.1 0.95 0
0.05 1 0.0484404
0.1 1 0


0.1 0.95 0.0484404
0.15 0.95 0
0.1 1 0.0711659
0.15 1 0


0.15 0.95 0.0711659
0.2 0.95 0
0.15 1 0.0921391
0.2 1 0


0.2 0.95 0.0921391
0.25 0.95 0
0.2 1 0.110844
0.25 1 0


0.25 0.95 0.110844
0.3 0.95 0
0.25 1 0.126819
0.3 1 0


0.3 0.95 0.126819
0.35 0.95 0
0.3 1 0.139671
0.35 1 0


0.35 0.95 0.139671
0.4 0.95 0
0.35 1 0.149084
0.4 1 0


0.4 0.95 0.149084
0.45 0.95 0
0.4 1 0.154826
0.45 1 0


0.45 0.95 0.154826
0.5 0.95 0
0.45 1 0.156756
0.5 1 0


0.5 0.95 0.156756
0.55 0.95 0
0.5 1 0.154826
0.55 1 0


0.55 0.95 0.154826
0.6 0.95 0
0.55 1 0.149084
0.6 1 0


0.6 0.95 0.149084
0.65 0.95 0
0.6 1 0.139671
0.65 1 0


0.65 0.95 0.139671
0.7 0.95 0
0.65 1 0.126819
0.7 1 0


0.7 0.95 0.126819
0.75 0.95 0
0.7 1 0.110844
0.75 1 0


0.75 0.95 0.110844
0.8 0.95 0
0.75 1 0.0921391
0.8 1 0


0.8 0.95 0.0921391
0.85 0.95 0
0.8 1 0.0711659
0.85 1 0


0.85 0.95 0.0711659
0.9 0.95 0
0.85 1 0.0484404
0.9 1 0


0.9 0.95 0.0484404
0.95 0.95 0
0.9 1 0.0245221
0.95 1 0


0.95 0.95 0.0245221
1 0.95 0
0.95 1 0
1 1 0


